0
308618
308618
308618
308618
308618
308618
308618
308618
308618
308618
308618
308618
308618
308618
308618
308618
308618
308618
308618
308618
308618
308618
308618
308618
308618
308618
308618
308618
308618
308618
308618
308618
308618
308618
308618
308618
308618
308618
308618
308618
308618
308618
308618
308618
308618
308618
308618
308618
308618
308618
308618
308618
308618
308618
308618
308618
308618
308618
308618
308618
308618
308618
308618
308618
308618
308618
308618
308618
308618
308618
308618
308618
308618
308618
308618
308618
308618
308618
308618
308618
308618
308618
308618
308618
308618
308618
308618
308618
308618
308618
308618
308618
308618
308618
308618
